=== ORR計算サマリー ===

η_ORR = 1.084 V

反応エネルギー (ΔE): -4.996, +0.396, -0.910, +0.590 eV

エネルギー詳細:
{
  "E_H2_g": -6.99812568,
  "E_H2O_g": -14.21139205,
  "E_O2_g": -9.506532739999999,
  "E_slab": -336.05428667,
  "E_slab_OOH": -354.05584349000003,
  "E_slab_O": -342.94751752,
  "E_slab_OH": -347.35652996000005,
  "dE1": -4.9959612399999855,
  "dE2": 0.39599676000005957,
  "dE3": -0.9099496000000045,
  "dE4": 0.589914080000085
}