--- ORR Summary ---

{
  "E_H2_g": -6.774767560505041,
  "E_H2O_g": -14.196630289850354,
  "E_O2_g": -9.923725458690624,
  "E_slab": -128.312399505907,
  "E_slab_OOH": -142.42349793857414,
  "E_slab_O": -133.09845554465568,
  "E_slab_OH": -138.02380301113155,
  "dE1": -0.7999891937240022,
  "dE2": -1.4842041156793755,
  "dE3": -1.5379636862233497,
  "dE4": -1.0978430043732885
}

ΔE (eV): -0.800, -1.484, -1.538, -1.098
Overpotential η = 0.991 V
