--- ORR Summary ---

{
  "E_H2_g": -6.99812568,
  "E_H2O_g": -14.2188021,
  "E_O2_g": -9.52135284,
  "E_slab": -660.35924602,
  "E_slab_OOH": -674.7253107,
  "E_slab_O": -666.56813939,
  "E_slab_OH": -670.8036473100001,
  "dE1": -1.345649000000094,
  "dE2": -2.562567950000016,
  "dE3": -0.7364450800000668,
  "dE4": -0.2753379699998959
}

ΔE (eV): -1.346, -2.563, -0.736, -0.275
Overpotential η = 0.830 V
