--- OER Summary ---

E_bulk = -192.989232 eV
{
  "E_H2_g": -6.772391936670102,
  "E_H2O_g": -14.18684022753907,
  "E_O2_g": -9.908896581737938,
  "E_slab": -185.49833235830008,
  "E_slab_OOH": -202.74316590797918,
  "E_slab_O": -192.82494453304727,
  "E_slab_OH": -196.7796688340778,
  "dE1": -0.48069221657368644,
  "dE2": 0.5685283326954789,
  "dE3": 0.8824228842721311,
  "dE4": 3.949740999606121
}

ΔE (eV): -0.481, +0.569, +0.882, +3.950
Overpotential η = 2.280 V
