--- ORR Summary ---

{
  "E_H2_g": -6.99812568,
  "E_H2O_g": -14.2188021,
  "E_O2_g": -9.52135284,
  "E_slab": -320.32519849,
  "E_slab_OOH": -334.41327652,
  "E_slab_O": -326.10510674,
  "E_slab_OH": -330.44504914,
  "dE1": -1.0676623499999778,
  "dE2": -2.4115694799999687,
  "dE3": -0.8408795599999621,
  "dE4": -0.5998886099999936
}

ΔE (eV): -1.068, -2.412, -0.841, -0.600
Overpotential η = 0.726 V
