=== ORR計算サマリー ===

η_ORR = 0.611 V

反応エネルギー (ΔE): -1.739, -1.613, -1.392, -0.176 eV

エネルギー詳細:
{
  "E_H2_g": -6.99812568,
  "E_H2O_g": -14.21139205,
  "E_O2_g": -9.506532739999999,
  "E_slab": -325.87941395,
  "E_slab_OOH": -340.62421570000004,
  "E_slab_O": -331.52519947999997,
  "E_slab_OH": -336.41591198,
  "dE1": -1.7392061699999886,
  "dE2": -1.6133129899998835,
  "dE3": -1.3916496599999846,
  "dE4": -0.1758311800000456
}