--- ORR Summary ---

{
  "E_H2_g": -6.774767560505041,
  "E_H2O_g": -14.196630289850354,
  "E_O2_g": -9.923725458690624,
  "E_slab": -480.94485448477906,
  "E_slab_OOH": -496.6581712094587,
  "E_slab_O": -487.128749429212,
  "E_slab_OH": -491.6316735892163,
  "dE1": -2.402207485736483,
  "dE2": -1.2798247293511054,
  "dE3": -1.1155403797517351,
  "dE4": -0.12242740516057893
}

ΔE (eV): -2.402, -1.280, -1.116, -0.122
Overpotential η = 0.664 V
