=== ORR計算サマリー ===

η_ORR = 1.070 V

反応エネルギー (ΔE): -4.326, +0.073, -0.951, +0.284 eV

エネルギー詳細:
{
  "E_H2_g": -6.99812568,
  "E_H2O_g": -14.21139205,
  "E_O2_g": -9.506532739999999,
  "E_slab": -412.59660709,
  "E_slab_OOH": -429.92855112,
  "E_slab_O": -419.14295033999997,
  "E_slab_OH": -423.59263759000004,
  "dE1": -4.326348449999955,
  "dE2": 0.0732715700000881,
  "dE3": -0.9506244100000458,
  "dE4": 0.2837012900000673
}