--- ORR Summary ---

{
  "E_H2_g": -6.692961692810059,
  "E_H2O_g": -14.132852554321289,
  "E_O2_g": -9.95978172302246,
  "E_slab": -222.34442138671875,
  "E_slab_OOH": -237.396630859375,
  "E_slab_O": -228.43533325195312,
  "E_slab_OH": -232.84942932128905,
  "dE1": -1.74594690322877,
  "dE2": -1.8250741004943904,
  "dE3": -1.0676152229308968,
  "dE4": -0.28136377334595863
}

ΔE (eV): -1.746, -1.825, -1.068, -0.281
Overpotential η = 0.505 V
