--- ORR Summary ---

{
  "E_H2_g": -6.692961692810059,
  "E_H2O_g": -14.132852554321289,
  "E_O2_g": -9.95978172302246,
  "E_slab": -222.3444366455078,
  "E_slab_OOH": -237.39664611816406,
  "E_slab_O": -228.4353790283203,
  "E_slab_OH": -233.0278350830078,
  "dE1": -1.74594690322877,
  "dE2": -1.8251046180725154,
  "dE3": -1.2459752082824593,
  "dE4": -0.10297327041627113
}

ΔE (eV): -1.746, -1.825, -1.246, -0.103
Overpotential η = 0.684 V
