--- ORR Summary ---

{
  "E_H2_g": -6.774767560505041,
  "E_H2O_g": -14.196630289850354,
  "E_O2_g": -9.923725458690624,
  "E_slab": -142.85779715449738,
  "E_slab_OOH": -158.07332604586975,
  "E_slab_O": -149.35794336664537,
  "E_slab_OH": -153.8307795299848,
  "dE1": -1.904419652429226,
  "dE2": -2.093863830373465,
  "dE3": -1.0854523830869027,
  "dE4": 0.16373586588957778
}

ΔE (eV): -1.904, -2.094, -1.085, +0.164
Overpotential η = 0.950 V
