--- ORR Summary ---

{
  "E_H2_g": -6.774767560505041,
  "E_H2O_g": -14.196630289850354,
  "E_O2_g": -9.923725458690624,
  "E_slab": -264.8292612881231,
  "E_slab_OOH": -281.82477295368096,
  "E_slab_O": -271.8262273123774,
  "E_slab_OH": -275.644056602297,
  "dE1": -3.6844024266146675,
  "dE2": -0.8107008682942478,
  "dE3": -0.4304455096670381,
  "dE4": 0.005548804576051225
}

ΔE (eV): -3.684, -0.811, -0.430, +0.006
Overpotential η = 1.136 V
