--- ORR Summary ---

{
  "E_H2_g": -6.99812568,
  "E_H2O_g": -14.2188021,
  "E_O2_g": -9.52135284,
  "E_slab": -120.81718265999999,
  "E_slab_OOH": -135.53361125,
  "E_slab_O": -127.42136703,
  "E_slab_OH": -131.49653765999997,
  "dE1": -1.6960129100000358,
  "dE2": -2.6074950400000034,
  "dE3": -0.5761077899999805,
  "dE4": -0.0403842600000246
}

ΔE (eV): -1.696, -2.607, -0.576, -0.040
Overpotential η = 0.990 V
