--- ORR Summary ---

{
  "E_H2_g": -6.774767560505041,
  "E_H2O_g": -14.196630289850354,
  "E_O2_g": -9.923725458690624,
  "E_slab": -198.5123396202446,
  "E_slab_OOH": -216.45261924341077,
  "E_slab_O": -205.85991829766235,
  "E_slab_OH": -209.81668796766508,
  "dE1": -4.629170384223016,
  "dE2": -0.21654556384942225,
  "dE3": -0.5693858897502082,
  "dE4": 0.49510183782263084
}

ΔE (eV): -4.629, -0.217, -0.569, +0.495
Overpotential η = 1.282 V
