--- ORR Summary ---

{
  "E_H2_g": -6.99812568,
  "E_H2O_g": -14.2188021,
  "E_O2_g": -9.52135284,
  "E_slab": -1186.10370062,
  "E_slab_OOH": -1200.6006431399999,
  "E_slab_O": -1192.29094476,
  "E_slab_OH": -1196.63908151,
  "dE1": -1.4765268399999059,
  "dE2": -2.410040879999997,
  "dE3": -0.8490739100000155,
  "dE4": -0.1843583699996998
}

ΔE (eV): -1.477, -2.410, -0.849, -0.184
Overpotential η = 0.717 V
