=== ORR計算サマリー ===

η_ORR = 0.855 V

反応エネルギー (ΔE): -1.798, -1.923, -1.267, +0.068 eV

エネルギー詳細:
{
  "E_H2_g": -6.99812568,
  "E_H2O_g": -14.21139205,
  "E_O2_g": -9.506532739999999,
  "E_slab": -269.50538889999996,
  "E_slab_OOH": -284.30933133999997,
  "E_slab_O": -275.52011687000004,
  "E_slab_OH": -280.28579781,
  "dE1": -1.798346859999981,
  "dE2": -1.9231147400000168,
  "dE3": -1.2666180999999597,
  "dE4": 0.0680797000001121
}