--- ORR Summary ---

{
  "E_H2_g": -6.774767560505041,
  "E_H2O_g": -14.196630289850354,
  "E_O2_g": -9.923725458690624,
  "E_slab": -107.77136313094856,
  "E_slab_OOH": -122.55847198534435,
  "E_slab_O": -112.97568876046944,
  "E_slab_OH": -118.3059897844165,
  "dE1": -1.4759996154526505,
  "dE2": -1.226463284722925,
  "dE3": -1.9429172436945379,
  "dE4": -0.27461985612988826
}

ΔE (eV): -1.476, -1.226, -1.943, -0.275
Overpotential η = 0.512 V
