--- ORR Summary ---

{
  "E_H2_g": -6.99812568,
  "E_H2O_g": -14.2188021,
  "E_O2_g": -9.52135284,
  "E_slab": -28.45155467,
  "E_slab_OOH": -43.83939675,
  "E_slab_O": -35.17353958,
  "E_slab_OH": -39.153822180000006,
  "dE1": -2.3674263999999994,
  "dE2": -2.053882090000002,
  "dE3": -0.4812197600000019,
  "dE4": -0.01747174999999146
}

ΔE (eV): -2.367, -2.054, -0.481, -0.017
Overpotential η = 1.085 V
