--- ORR Summary ---

{
  "E_H2_g": -6.774767560505041,
  "E_H2O_g": -14.196630289850354,
  "E_O2_g": -9.923725458690624,
  "E_slab": -229.95499181213208,
  "E_slab_OOH": -244.79946857986295,
  "E_slab_O": -235.66019025452005,
  "E_slab_OH": -240.2639148718071,
  "dE1": -1.5333675287877213,
  "dE2": -1.669968184254941,
  "dE3": -1.2163408370345223,
  "dE4": -0.5003234499228313
}

ΔE (eV): -1.533, -1.670, -1.216, -0.500
Overpotential η = 0.350 V
