--- ORR Summary ---

{
  "E_H2_g": -6.774767560505041,
  "E_H2O_g": -14.196630289850354,
  "E_O2_g": -9.923725458690624,
  "E_slab": -321.06932853822906,
  "E_slab_OOH": -337.8573987731822,
  "E_slab_O": -327.70076386549437,
  "E_slab_OH": -331.91499971772055,
  "dE1": -3.47696099600995,
  "dE2": -0.6526116019099959,
  "dE3": -0.826852071973633,
  "dE4": 0.036424669893676764
}

ΔE (eV): -3.477, -0.653, -0.827, +0.036
Overpotential η = 0.823 V
