--- ORR Summary ---

{
  "E_H2_g": -6.774767560505041,
  "E_H2O_g": -14.196630289850354,
  "E_O2_g": -9.923725458690624,
  "E_slab": -196.9211906698391,
  "E_slab_OOH": -211.64472455926884,
  "E_slab_O": -202.8449992238002,
  "E_slab_OH": -207.31354667934963,
  "dE1": -1.4124246504865994,
  "dE2": -2.0095211741291905,
  "dE3": -1.0811636752969207,
  "dE4": -0.4168905000873053
}

ΔE (eV): -1.412, -2.010, -1.081, -0.417
Overpotential η = 0.485 V
