--- ORR Summary ---

{
  "E_H2_g": -6.774767560505041,
  "E_H2O_g": -14.196630289850354,
  "E_O2_g": -9.923725458690624,
  "E_slab": -91.47671119936558,
  "E_slab_OOH": -107.75331729080747,
  "E_slab_O": -97.42260908058402,
  "E_slab_OH": -101.86263385294828,
  "dE1": -2.9654968524987453,
  "dE2": -0.4785382993743781,
  "dE3": -1.0526409921117335,
  "dE4": -0.4233238560151449
}

ΔE (eV): -2.965, -0.479, -1.053, -0.423
Overpotential η = 0.514 V
